tmp_0-27 2 8 18 17 17 17 17 17 17 17 17 17 17 17 17 17 17 17 17 17 17 17 17 17 17 17 17 
tmp_27-54 2 8 18 17 17 17 17 17 17 17 17 17 17 17 17 17 17 17 17 17 17 17 17 17 17 17 17 
tmp_54-81 2 8 18 17 17 17 17 17 17 17 17 17 17 17 17 17 17 17 17 17 17 17 17 17 17 17 17 
tmp_81-108 2 8 5 5 5 5 5 5 5 5 5 5 5 5 18 17 17 17 17 17 17 17 17 17 17 17 17 
tmp_108-162 2 7 5 5 5 5 5 5 5 5 5 5 5 5 5 5 5 5 5 5 5 5 5 5 5 5 5 5 5 5 5 5 5 5 5 5 5 5 16 15 15 15 15 15 15 15 15 15 15 15 15 15 15 18 
tmp_162-189 4 16 15 15 15 15 15 15 15 15 15 15 15 18 17 17 17 17 17 17 17 17 17 17 17 17 17 
tmp_189-216 2 8 5 5 5 5 5 5 5 5 5 5 5 5 5 5 5 5 18 17 17 17 17 17 17 17 17 
tmp_216-243 2 8 5 5 5 5 5 5 5 5 5 5 5 5 18 17 17 17 17 17 17 17 17 17 17 17 17 
tmp_243-270 2 8 18 17 17 17 17 17 17 17 17 17 17 17 17 17 17 17 17 17 17 17 17 17 17 17 17 
tmp_270-297 2 1 8 5 5 18 17 17 17 17 17 17 17 17 17 17 17 17 17 17 17 17 17 17 17 17 17 
tmp_297-378 2 8 5 5 5 5 18 17 17 17 17 17 17 8874 8873 8873 8873 8902 8901 8901 8910 6780 6779 6779 6852 6851 6851 6851 6928 6927 6927 2 8 18 17 17 17 17 17 17 17 17 17 17 17 17 17 17 17 17 17 17 17 17 17 17 17 17 17 17 17 17 17 17 17 17 17 17 17 17 17 17 17 17 17 17 17 17 17 17 17 
tmp_378-405 2 8 18 17 17 17 17 17 17 17 17 17 17 17 17 17 17 17 17 17 17 17 17 17 17 17 17 
tmp_405-432 2 8 18 17 17 17 17 17 17 17 17 17 17 17 17 17 17 17 17 17 17 17 17 17 17 17 17 
tmp_432-459 2 8 18 17 17 17 17 17 17 17 17 17 17 17 17 17 17 17 17 17 17 17 17 17 17 17 17 
tmp_459-486 2 8 18 17 17 17 17 17 17 17 17 17 17 17 17 17 17 17 17 17 17 17 17 17 17 17 17 
tmp_486-513 2 1 1 1 1 1 1 1 1 1 1 1 1 1 1 1 1 1 1 1 1 1 1 1 1 8 18 
tmp_513-527 2 1 1 1 1 1 1 1 1 1 1 1 8 18 
