tmp_0-27 2 8 5 5 18 17 17 17 17 17 17 17 17 17 17 17 17 17 17 17 17 17 17 17 17 17 17 
tmp_27-54 2 8 5 5 5 5 5 5 5 5 5 5 5 5 5 5 18 17 17 17 17 17 17 17 17 17 17 
tmp_54-81 2 8 5 5 5 5 5 5 5 5 5 5 5 5 5 5 5 5 5 18 17 17 17 17 17 17 17 
tmp_81-108 2 1 8 5 5 5 5 5 5 5 5 5 5 5 5 5 5 5 5 5 5 5 5 5 5 18 17 
tmp_108-135 2 8 18 17 17 17 17 17 17 17 17 17 17 17 17 17 17 17 17 17 17 17 17 17 17 17 17 
tmp_135-243 926 925 925 925 925 928 927 927 927 927 927 927 927 927 927 927 927 930 530 529 532 534 533 914 916 915 915 918 917 917 917 530 529 532 531 534 644 643 643 643 643 646 645 645 645 645 648 647 647 647 647 647 2 8 5 5 5 5 5 5 5 5 5 5 5 5 5 5 5 5 5 5 5 5 5 5 5 5 5 5 5 5 5 5 5 5 5 5 5 5 5 5 5 5 5 5 5 5 5 5 5 5 5 5 5 5 5 18 
tmp_243-297 2 1 1 8 5 5 5 5 5 5 5 5 5 5 5 5 5 5 5 5 5 5 5 5 5 5 5 5 5 5 5 5 5 5 5 5 5 5 5 5 5 18 17 17 17 17 17 17 17 17 17 17 17 17 
tmp_297-324 2 8 5 5 5 5 5 5 5 5 5 5 18 17 17 17 17 17 17 17 17 17 17 17 17 17 17 
tmp_324-432 2 8 5 5 5 18 518 517 520 522 788 787 787 787 790 789 789 789 789 789 789 789 789 789 789 789 789 789 789 789 789 789 789 789 789 789 789 792 791 791 791 791 791 2 8 5 5 5 5 5 5 5 5 5 5 5 18 17 17 17 17 17 17 17 17 17 17 17 17 17 17 17 17 17 17 17 17 17 17 17 17 17 17 17 17 17 17 17 17 17 17 17 17 17 17 17 17 17 17 17 17 17 17 17 17 17 17 17 
tmp_432-459 2 8 18 17 17 17 17 17 17 17 17 17 17 17 17 17 17 17 17 17 17 17 17 17 17 17 17 
tmp_459-486 2 1 1 8 5 5 5 18 17 17 17 17 17 17 17 17 17 17 17 17 17 17 17 17 17 17 17 
tmp_486-513 2 8 18 17 17 17 17 17 17 17 17 17 17 17 17 17 17 17 17 17 17 17 17 17 17 17 17 
tmp_513-540 2 8 18 17 17 17 17 17 17 17 17 17 17 17 17 17 17 17 17 17 17 17 17 17 17 17 17 
tmp_540-567 2 8 5 5 5 5 18 17 17 17 17 17 17 17 17 17 17 17 17 17 17 17 17 17 17 17 17 
tmp_567-594 2 8 18 17 17 17 17 17 17 17 17 17 17 17 17 17 17 17 17 17 17 17 17 17 17 17 17 
tmp_594-702 830 832 831 831 831 831 831 834 833 833 833 833 833 833 833 833 833 740 739 739 739 742 741 741 741 741 741 741 741 741 741 741 744 743 743 743 743 743 2 8 5 5 18 17 17 17 17 17 17 17 17 17 17 17 17 17 17 17 17 17 17 17 17 17 17 17 17 17 17 17 17 17 17 17 17 17 17 17 17 17 17 17 17 17 17 17 17 17 17 17 17 17 17 17 17 17 17 17 17 17 17 17 17 17 17 17 17 17 
tmp_702-729 2 8 5 5 5 5 5 5 5 5 5 5 5 5 5 5 5 5 5 5 5 5 5 18 17 17 17 
tmp_729-756 2 8 5 5 5 5 5 5 5 5 5 5 5 5 5 5 18 17 17 17 17 17 17 17 17 17 17 
tmp_756-783 2 1 1 1 1 1 1 1 8 5 5 5 5 18 17 17 17 17 17 17 17 17 17 17 17 17 17 
tmp_783-810 2 8 5 5 5 5 5 5 5 5 5 5 5 5 5 5 5 5 5 5 5 5 5 5 5 5 18 
tmp_810-877 854 856 858 530 532 531 534 533 533 533 533 533 533 290 292 291 291 291 291 291 291 291 294 293 620 622 621 624 623 623 623 623 623 623 623 623 2 1 1 1 1 1 1 1 1 1 1 1 1 1 1 1 1 1 1 1 1 1 1 1 1 1 1 1 1 8 18 
