tmp_0-27 3 1 12 18 17 17 17 17 17 17 17 17 17 17 17 17 17 17 17 17 17 17 17 17 17 17 17 
tmp_27-216 3 12 18 17 17 17 302 301 301 301 301 301 301 301 301 301 301 301 301 301 301 301 301 301 301 301 301 301 301 301 301 301 301 301 301 304 306 698 700 702 701 194 196 195 195 195 195 195 195 195 195 195 195 195 198 674 673 673 673 673 673 673 673 673 673 673 673 673 673 673 673 673 673 673 673 673 673 673 673 673 673 676 678 314 313 313 313 313 313 313 316 318 317 914 916 918 194 196 195 195 195 195 195 195 195 195 195 195 195 195 195 195 195 195 198 836 835 835 835 835 835 838 837 840 3 11 10 10 10 10 10 10 10 10 10 10 10 10 10 10 10 10 10 10 10 10 10 10 10 10 14 15 15 15 15 15 15 15 15 15 15 15 15 15 15 15 15 15 15 15 15 12 10 10 10 10 18 17 17 17 17 17 17 17 17 17 17 17 17 
tmp_216-243 3 12 18 17 17 17 17 17 17 17 17 17 17 17 17 17 17 17 17 17 17 17 17 17 17 17 17 
tmp_243-270 3 12 18 17 17 17 17 17 17 17 17 17 17 17 17 17 17 17 17 17 17 17 17 17 17 17 17 
tmp_270-297 3 1 1 1 1 1 1 1 1 1 1 1 1 1 1 1 1 1 1 1 1 1 1 1 12 18 17 
tmp_297-324 3 1 1 1 1 1 12 18 17 17 17 17 17 17 17 17 17 17 17 17 17 17 17 17 17 17 17 
tmp_324-351 3 12 18 17 17 17 17 17 17 17 17 17 17 17 17 17 17 17 17 17 17 17 17 17 17 17 17 
tmp_351-378 3 12 18 17 17 17 17 17 17 17 17 17 17 17 17 17 17 17 17 17 17 17 17 17 17 17 17 
tmp_378-405 3 12 10 10 10 10 10 10 10 10 10 10 10 10 10 10 10 10 10 10 10 10 10 10 10 10 18 
tmp_405-432 3 12 10 10 10 10 10 10 10 10 10 10 10 10 10 10 10 18 17 17 17 17 17 17 17 17 17 
tmp_432-513 2 1 8 5 5 5 5 5 5 5 5 5 5 5 5 5 5 5 5 5 5 5 5 5 5 5 5 5 5 5 5 5 5 5 5 5 5 5 5 5 5 5 5 5 5 5 5 5 5 5 5 5 5 5 5 5 5 5 5 5 5 5 5 5 5 5 5 5 5 5 5 5 5 5 5 5 5 5 5 5 18 
tmp_513-540 3 12 18 17 17 17 17 17 17 17 17 17 17 17 17 17 17 17 17 17 17 17 17 17 17 17 17 
tmp_540-567 3 12 18 17 17 17 17 17 17 17 17 17 17 17 17 17 17 17 17 17 17 17 17 17 17 17 17 
tmp_567-594 3 1 1 12 18 17 17 17 17 17 17 17 17 17 17 17 17 17 17 17 17 17 17 17 17 17 17 
tmp_594-621 3 1 1 1 12 10 10 10 10 10 10 10 10 10 10 10 10 10 10 10 10 10 10 10 10 10 18 
tmp_621-648 3 1 1 1 1 12 18 17 17 17 17 17 17 17 17 17 17 17 17 17 17 17 17 17 17 17 17 
tmp_648-675 3 1 12 10 10 18 17 17 17 17 17 17 17 17 17 17 17 17 17 17 17 17 17 17 17 17 17 
tmp_675-702 3 12 18 17 17 17 17 17 17 17 17 17 17 17 17 17 17 17 17 17 17 17 17 17 17 17 17 
tmp_702-727 3 12 18 17 17 17 17 17 17 17 17 17 17 17 17 17 17 17 17 17 17 17 17 17 17 
