tmp_0-27 3 12 10 10 10 10 10 10 10 10 10 10 10 18 17 17 17 17 17 17 17 17 17 17 17 17 17 
tmp_27-162 1756 1755 1755 1755 1755 1755 1755 1755 1755 1755 1755 1755 1755 1755 1755 1755 1755 1755 1755 1755 1755 1755 1755 1755 1755 1755 1755 1755 1755 1755 1755 1755 1755 1755 1755 1755 1755 1755 1755 1755 1755 1755 1755 1755 1755 1755 1755 1755 1755 1755 1755 1755 1755 1755 1755 1755 1755 1755 1755 1755 1755 1755 1755 1755 1755 1755 1755 1755 1778 1816 3 12 10 10 10 10 10 10 10 10 10 10 10 10 10 10 10 10 10 10 10 10 10 10 10 10 10 10 10 10 10 10 10 10 10 10 10 10 10 10 10 10 10 10 10 10 10 10 10 10 10 10 10 10 10 10 10 18 17 17 17 17 17 17 17 
tmp_162-189 3 12 18 17 17 17 17 17 17 17 17 17 17 17 17 17 17 17 17 17 17 17 17 17 17 17 17 
tmp_189-216 3 12 10 10 10 10 10 10 10 18 17 17 17 17 17 17 17 17 17 17 17 17 17 17 17 17 17 
tmp_216-243 3 12 18 17 17 17 17 17 17 17 17 17 17 17 17 17 17 17 17 17 17 17 17 17 17 17 17 
tmp_243-270 3 12 18 17 17 17 17 17 17 17 17 17 17 17 17 17 17 17 17 17 17 17 17 17 17 17 17 
tmp_270-297 3 12 10 10 10 10 10 10 10 10 10 10 10 10 10 10 10 10 10 10 10 10 10 10 10 18 17 
tmp_297-324 3 12 10 10 10 10 10 10 10 10 10 10 10 10 10 10 10 10 10 10 10 10 10 10 10 18 17 
tmp_324-351 3 1 12 10 10 18 17 17 17 17 17 17 17 17 17 17 17 17 17 17 17 17 17 17 17 17 17 
tmp_351-378 3 12 18 17 17 17 17 17 17 17 17 17 17 17 17 17 17 17 17 17 17 17 17 17 17 17 17 
tmp_378-405 3 12 18 17 17 17 17 17 17 17 17 17 17 17 17 17 17 17 17 17 17 17 17 17 17 17 17 
tmp_405-432 3 12 18 17 17 17 17 17 17 17 17 17 17 17 17 17 17 17 17 17 17 17 17 17 17 17 17 
tmp_432-459 3 12 18 17 17 17 17 17 17 17 17 17 17 17 17 17 17 17 17 17 17 17 17 17 17 17 17 
tmp_459-486 3 12 18 17 17 17 17 17 17 17 17 17 17 17 17 17 17 17 17 17 17 17 17 17 17 17 17 
tmp_486-513 3 12 18 17 17 17 17 17 17 17 17 17 17 17 17 17 17 17 17 17 17 17 17 17 17 17 17 
tmp_513-540 3 12 18 17 17 17 17 17 17 17 17 17 17 17 17 17 17 17 17 17 17 17 17 17 17 17 17 
tmp_540-567 3 1 12 10 18 17 17 17 17 17 17 17 17 17 17 17 17 17 17 17 17 17 17 17 17 17 17 
tmp_567-594 3 12 18 17 17 17 17 17 17 17 17 17 17 17 17 17 17 17 17 17 17 17 17 17 17 17 17 
tmp_594-621 3 1 1 12 10 10 10 10 10 10 18 17 17 17 17 17 17 17 17 17 17 17 17 17 17 17 17 
tmp_621-648 3 12 18 17 17 17 17 17 17 17 17 17 17 17 17 17 17 17 17 17 17 17 17 17 17 17 17 
tmp_648-675 3 12 18 17 17 17 17 17 17 17 17 17 17 17 17 17 17 17 17 17 17 17 17 17 17 17 17 
tmp_675-702 3 12 18 17 17 17 17 17 17 17 17 17 17 17 17 17 17 17 17 17 17 17 17 17 17 17 17 
tmp_702-729 3 12 18 17 17 17 17 17 17 17 17 17 17 17 17 17 17 17 17 17 17 17 17 17 17 17 17 
tmp_729-752 3 12 18 17 17 17 17 17 17 17 17 17 17 17 17 17 17 17 17 17 17 17 17 
