tmp_0-27 2 8 18 17 17 17 17 17 17 17 17 17 17 17 17 17 17 17 17 17 17 17 17 17 17 17 17 
tmp_27-54 2 8 18 17 17 17 17 17 17 17 17 17 17 17 17 17 17 17 17 17 17 17 17 17 17 17 17 
tmp_54-81 2 8 5 5 5 5 5 5 5 5 5 5 5 5 5 5 5 5 5 5 5 5 5 5 5 5 18 
tmp_81-108 2 8 5 5 5 5 5 5 5 5 5 5 5 5 5 5 5 5 5 5 5 5 5 5 5 5 18 
tmp_108-135 2 8 5 5 5 5 5 5 5 5 5 5 5 5 5 5 5 5 5 5 5 5 5 5 5 5 18 
tmp_135-162 2 8 5 5 5 5 5 5 5 5 5 5 5 5 5 5 5 5 5 5 5 5 5 5 5 5 18 
tmp_162-189 2 1 8 5 5 5 5 5 5 5 5 5 5 5 5 5 5 5 5 5 5 5 5 18 17 17 17 
tmp_189-216 2 8 5 5 5 5 5 5 5 5 5 5 5 5 5 5 5 5 5 5 5 5 5 5 5 5 18 
tmp_216-243 2 8 5 5 18 17 17 17 17 17 17 17 17 17 17 17 17 17 17 17 17 17 17 17 17 17 17 
tmp_243-270 2 8 18 17 17 17 17 17 17 17 17 17 17 17 17 17 17 17 17 17 17 17 17 17 17 17 17 
tmp_270-297 2 8 5 5 5 5 5 5 5 5 5 5 5 5 5 5 5 5 5 5 5 5 5 5 5 5 18 
tmp_297-324 2 8 5 5 5 5 5 5 5 5 5 5 5 5 5 5 5 5 5 5 5 5 5 5 5 5 18 
tmp_324-351 2 8 5 18 17 17 17 17 17 17 17 17 17 17 17 17 17 17 17 17 17 17 17 17 17 17 17 
tmp_351-378 2 8 18 17 17 17 17 17 17 17 17 17 17 17 17 17 17 17 17 17 17 17 17 17 17 17 17 
tmp_378-405 2 8 5 5 5 5 5 5 5 5 5 5 18 17 17 17 17 17 17 17 17 17 17 17 17 17 17 
tmp_405-432 2 8 5 5 5 5 5 5 5 5 5 5 5 5 5 5 5 5 5 5 5 18 17 17 17 17 17 
tmp_432-459 2 8 5 5 5 5 5 5 5 5 5 5 5 5 5 5 5 5 5 5 5 5 5 5 5 5 18 
tmp_459-486 2 8 5 5 5 5 5 5 5 5 5 5 5 5 5 5 5 5 5 5 5 5 5 5 18 17 17 
tmp_486-513 2 8 5 5 5 5 5 5 5 5 5 5 5 5 5 5 5 5 5 5 5 18 17 17 17 17 17 
tmp_513-540 2 8 5 5 5 5 5 5 5 5 5 5 5 5 5 5 5 5 5 5 5 5 5 5 5 18 17 
tmp_540-567 2 8 5 5 5 5 5 5 5 5 5 5 5 5 5 5 5 5 5 18 17 17 17 17 17 17 17 
tmp_567-594 2 8 5 5 5 5 5 5 5 5 5 5 5 5 5 5 5 5 5 5 5 5 5 5 5 5 18 
tmp_594-621 2 8 5 5 5 5 5 5 18 17 17 17 17 17 17 17 17 17 17 17 17 17 17 17 17 17 17 
tmp_621-648 2 8 18 17 17 17 17 17 17 17 17 17 17 17 17 17 17 17 17 17 17 17 17 17 17 17 17 
tmp_648-675 2 1 1 1 1 8 5 5 5 5 5 5 5 5 5 5 5 5 5 5 5 5 5 5 18 17 17 
tmp_675-702 2 8 5 5 5 5 18 17 17 17 17 17 17 17 17 17 17 17 17 17 17 17 17 17 17 17 17 
tmp_702-729 2 8 5 5 5 5 5 5 5 5 5 5 5 5 5 5 5 5 5 5 18 17 17 17 17 17 17 
tmp_729-756 2 8 5 5 5 5 5 5 5 5 5 5 5 5 5 5 5 5 18 17 17 17 17 17 17 17 17 
tmp_756-783 2 8 5 5 5 5 5 5 5 5 5 5 5 5 5 5 5 5 5 5 5 5 5 5 5 5 18 
tmp_783-810 2 8 5 5 5 5 5 5 5 5 5 5 5 5 5 5 5 5 5 5 5 5 5 5 5 5 18 
tmp_810-837 2 8 5 5 5 5 5 5 5 5 5 5 5 5 5 5 5 18 17 17 17 17 17 17 17 17 17 
tmp_837-864 2 8 5 5 5 5 5 5 5 5 5 5 5 5 5 5 5 5 18 17 17 17 17 17 17 17 17 
tmp_864-891 2 8 5 18 17 17 17 17 17 17 17 17 17 17 17 17 17 17 17 17 17 17 17 17 17 17 17 
tmp_891-918 2 8 5 5 5 5 5 5 5 5 5 5 5 5 18 17 17 17 17 17 17 17 17 17 17 17 17 
tmp_918-945 2 8 5 5 5 5 5 5 5 5 5 5 5 5 5 5 5 5 5 5 5 5 5 5 18 17 17 
tmp_945-972 2 8 18 17 17 17 17 17 17 17 17 17 17 17 17 17 17 17 17 17 17 17 17 17 17 17 17 
tmp_972-999 2 8 5 5 5 18 17 17 17 17 17 17 17 17 17 17 17 17 17 17 17 17 17 17 17 17 17 
tmp_999-1026 2 8 5 5 5 5 5 5 5 18 17 17 17 17 17 17 17 17 17 17 17 17 17 17 17 17 17 
tmp_1026-1053 2 8 5 5 5 5 5 5 5 5 5 5 5 5 5 5 5 5 5 5 5 5 5 5 5 5 18 
tmp_1053-1080 2 8 18 17 17 17 17 17 17 17 17 17 17 17 17 17 17 17 17 17 17 17 17 17 17 17 17 
tmp_1080-1107 2 8 5 5 5 5 5 5 5 5 5 5 5 5 5 5 5 5 5 5 5 5 5 5 5 5 18 
tmp_1107-1134 2 8 5 5 5 5 5 5 5 5 18 17 17 17 17 17 17 17 17 17 17 17 17 17 17 17 17 
tmp_1134-1161 2 8 5 5 5 5 5 5 18 17 17 17 17 17 17 17 17 17 17 17 17 17 17 17 17 17 17 
tmp_1161-1188 2 8 18 17 17 17 17 17 17 17 17 17 17 17 17 17 17 17 17 17 17 17 17 17 17 17 17 
tmp_1188-1215 2 8 5 5 18 17 17 17 17 17 17 17 17 17 17 17 17 17 17 17 17 17 17 17 17 17 17 
tmp_1215-1242 2 8 18 17 17 17 17 17 17 17 17 17 17 17 17 17 17 17 17 17 17 17 17 17 17 17 17 
tmp_1242-1269 2 8 5 5 5 5 5 5 5 5 5 5 5 5 18 17 17 17 17 17 17 17 17 17 17 17 17 
tmp_1269-1296 2 8 5 5 5 5 5 5 5 5 5 5 18 17 17 17 17 17 17 17 17 17 17 17 17 17 17 
tmp_1296-1323 2 8 18 17 17 17 17 17 17 17 17 17 17 17 17 17 17 17 17 17 17 17 17 17 17 17 17 
tmp_1323-1350 2 8 5 5 5 18 17 17 17 17 17 17 17 17 17 17 17 17 17 17 17 17 17 17 17 17 17 
tmp_1350-1377 2 8 5 5 5 5 5 5 5 5 5 5 5 5 5 5 5 5 5 5 5 5 5 18 17 17 17 
tmp_1377-1404 2 8 5 5 5 5 5 5 5 5 5 5 5 5 5 5 5 5 5 5 5 5 5 5 5 5 18 
tmp_1404-1431 2 8 18 17 17 17 17 17 17 17 17 17 17 17 17 17 17 17 17 17 17 17 17 17 17 17 17 
tmp_1431-1458 2 8 18 17 17 17 17 17 17 17 17 17 17 17 17 17 17 17 17 17 17 17 17 17 17 17 17 
tmp_1458-1485 2 8 5 5 5 18 17 17 17 17 17 17 17 17 17 17 17 17 17 17 17 17 17 17 17 17 17 
tmp_1485-1512 2 8 5 5 5 5 18 17 17 17 17 17 17 17 17 17 17 17 17 17 17 17 17 17 17 17 17 
tmp_1512-1539 2 8 5 5 5 5 5 5 5 5 5 5 5 5 5 5 5 5 5 5 5 5 5 5 5 18 17 
tmp_1539-1566 2 8 18 17 17 17 17 17 17 17 17 17 17 17 17 17 17 17 17 17 17 17 17 17 17 17 17 
tmp_1566-1593 2 8 5 5 5 5 5 5 5 5 5 5 5 5 5 18 17 17 17 17 17 17 17 17 17 17 17 
tmp_1593-1620 2 8 18 17 17 17 17 17 17 17 17 17 17 17 17 17 17 17 17 17 17 17 17 17 17 17 17 
tmp_1620-1647 2 8 18 17 17 17 17 17 17 17 17 17 17 17 17 17 17 17 17 17 17 17 17 17 17 17 17 
tmp_1647-1674 2 8 5 5 5 5 5 5 5 5 5 5 5 5 5 5 5 5 5 5 5 5 5 5 5 5 18 
tmp_1674-1701 2 8 18 17 17 17 17 17 17 17 17 17 17 17 17 17 17 17 17 17 17 17 17 17 17 17 17 
tmp_1701-1728 2 8 18 17 17 17 17 17 17 17 17 17 17 17 17 17 17 17 17 17 17 17 17 17 17 17 17 
tmp_1728-1755 2 1 1 8 5 5 5 5 5 5 5 5 5 5 5 5 5 5 5 5 18 17 17 17 17 17 17 
tmp_1755-1782 2 8 18 17 17 17 17 17 17 17 17 17 17 17 17 17 17 17 17 17 17 17 17 17 17 17 17 
tmp_1782-1809 2 8 18 17 17 17 17 17 17 17 17 17 17 17 17 17 17 17 17 17 17 17 17 17 17 17 17 
tmp_1809-1836 2 8 5 5 5 5 5 5 5 5 5 5 5 5 5 5 5 5 5 18 17 17 17 17 17 17 17 
tmp_1836-1863 2 8 5 5 5 5 5 5 5 5 5 5 5 5 5 5 5 5 5 5 18 17 17 17 17 17 17 
tmp_1863-1890 2 8 18 17 17 17 17 17 17 17 17 17 17 17 17 17 17 17 17 17 17 17 17 17 17 17 17 
tmp_1890-1917 2 8 18 17 17 17 17 17 17 17 17 17 17 17 17 17 17 17 17 17 17 17 17 17 17 17 17 
tmp_1917-1944 2 8 5 5 5 5 5 5 5 5 18 17 17 17 17 17 17 17 17 17 17 17 17 17 17 17 17 
tmp_1944-1971 2 1 1 8 5 5 5 5 5 5 5 5 5 5 5 5 5 5 5 5 18 17 17 17 17 17 17 
tmp_1971-1998 2 8 18 17 17 17 17 17 17 17 17 17 17 17 17 17 17 17 17 17 17 17 17 17 17 17 17 
tmp_1998-2025 2 8 5 5 5 5 5 5 5 5 5 5 18 17 17 17 17 17 17 17 17 17 17 17 17 17 17 
tmp_2025-2052 2 8 18 17 17 17 17 17 17 17 17 17 17 17 17 17 17 17 17 17 17 17 17 17 17 17 17 
tmp_2052-2079 2 8 18 17 17 17 17 17 17 17 17 17 17 17 17 17 17 17 17 17 17 17 17 17 17 17 17 
tmp_2079-2106 2 8 5 18 17 17 17 17 17 17 17 17 17 17 17 17 17 17 17 17 17 17 17 17 17 17 17 
tmp_2106-2133 2 8 18 17 17 17 17 17 17 17 17 17 17 17 17 17 17 17 17 17 17 17 17 17 17 17 17 
tmp_2133-2160 2 8 18 17 17 17 17 17 17 17 17 17 17 17 17 17 17 17 17 17 17 17 17 17 17 17 17 
tmp_2160-2187 2 8 18 17 17 17 17 17 17 17 17 17 17 17 17 17 17 17 17 17 17 17 17 17 17 17 17 
tmp_2187-2214 2 8 18 17 17 17 17 17 17 17 17 17 17 17 17 17 17 17 17 17 17 17 17 17 17 17 17 
tmp_2214-2241 2 8 18 17 17 17 17 17 17 17 17 17 17 17 17 17 17 17 17 17 17 17 17 17 17 17 17 
tmp_2241-2268 2 8 18 17 17 17 17 17 17 17 17 17 17 17 17 17 17 17 17 17 17 17 17 17 17 17 17 
tmp_2268-2295 2 8 5 5 5 5 5 5 5 5 18 17 17 17 17 17 17 17 17 17 17 17 17 17 17 17 17 
tmp_2295-2322 2 8 5 5 5 5 5 5 5 5 5 5 5 5 18 17 17 17 17 17 17 17 17 17 17 17 17 
tmp_2322-2349 2 8 5 5 5 5 5 5 5 5 5 5 5 5 18 17 17 17 17 17 17 17 17 17 17 17 17 
tmp_2349-2376 2 8 18 17 17 17 17 17 17 17 17 17 17 17 17 17 17 17 17 17 17 17 17 17 17 17 17 
tmp_2376-2403 2 8 5 5 5 5 5 5 5 5 5 5 18 17 17 17 17 17 17 17 17 17 17 17 17 17 17 
tmp_2403-2430 2 8 5 5 18 17 17 17 17 17 17 17 17 17 17 17 17 17 17 17 17 17 17 17 17 17 17 
tmp_2430-2457 2 8 5 5 5 5 5 5 5 5 5 5 5 5 5 18 17 17 17 17 17 17 17 17 17 17 17 
tmp_2457-2484 2 8 5 5 5 5 5 5 5 5 5 5 18 17 17 17 17 17 17 17 17 17 17 17 17 17 17 
tmp_2484-2511 2 8 18 17 17 17 17 17 17 17 17 17 17 17 17 17 17 17 17 17 17 17 17 17 17 17 17 
tmp_2511-2538 2 8 18 17 17 17 17 17 17 17 17 17 17 17 17 17 17 17 17 17 17 17 17 17 17 17 17 
tmp_2538-2565 2 8 5 5 5 5 5 5 5 5 5 5 5 5 5 5 5 5 5 5 5 5 5 5 5 5 18 
tmp_2565-2592 2 8 5 5 5 5 5 5 5 5 5 5 18 17 17 17 17 17 17 17 17 17 17 17 17 17 17 
tmp_2592-2619 2 8 5 5 5 5 5 5 5 5 5 5 5 5 5 5 5 5 5 18 17 17 17 17 17 17 17 
tmp_2619-2646 2 8 5 5 5 5 5 18 17 17 17 17 17 17 17 17 17 17 17 17 17 17 17 17 17 17 17 
tmp_2646-2808 2 8 18 17 638 637 637 637 637 637 637 637 637 637 640 639 639 639 639 639 639 639 642 641 641 641 641 476 475 475 475 475 475 475 475 475 475 475 478 477 477 477 477 480 479 2 8 5 5 5 5 5 5 5 5 5 5 5 5 5 5 5 5 5 5 5 5 5 5 5 5 5 5 5 18 17 17 17 17 17 17 17 17 17 17 17 17 17 17 17 17 17 17 17 902 901 901 901 901 904 906 476 478 477 477 477 477 477 480 2 8 5 5 5 5 5 5 5 5 5 5 5 5 5 5 5 5 5 18 17 17 17 17 17 17 17 17 17 17 17 17 17 17 17 17 17 17 17 17 17 17 17 17 17 17 17 17 17 17 17 17 17 
tmp_2808-2835 2 8 18 17 17 17 17 17 17 17 17 17 17 17 17 17 17 17 17 17 17 17 17 17 17 17 17 
tmp_2835-2862 2 8 5 5 18 17 17 17 17 17 17 17 17 17 17 17 17 17 17 17 17 17 17 17 17 17 17 
tmp_2862-2889 2 8 18 17 17 17 17 17 17 17 17 17 17 17 17 17 17 17 17 17 17 17 17 17 17 17 17 
tmp_2889-2916 2 8 18 17 17 17 17 17 17 17 17 17 17 17 17 17 17 17 17 17 17 17 17 17 17 17 17 
tmp_2916-2943 2 8 18 17 17 17 17 17 17 17 17 17 17 17 17 17 17 17 17 17 17 17 17 17 17 17 17 
tmp_2943-2970 2 8 18 17 17 17 17 17 17 17 17 17 17 17 17 17 17 17 17 17 17 17 17 17 17 17 17 
tmp_2970-2997 2 8 5 5 18 17 17 17 17 17 17 17 17 17 17 17 17 17 17 17 17 17 17 17 17 17 17 
tmp_2997-3024 2 8 5 5 5 5 5 5 5 5 18 17 17 17 17 17 17 17 17 17 17 17 17 17 17 17 17 
tmp_3024-3051 2 8 18 17 17 17 17 17 17 17 17 17 17 17 17 17 17 17 17 17 17 17 17 17 17 17 17 
tmp_3051-3078 2 8 18 17 17 17 17 17 17 17 17 17 17 17 17 17 17 17 17 17 17 17 17 17 17 17 17 
tmp_3078-3105 2 8 18 17 17 17 17 17 17 17 17 17 17 17 17 17 17 17 17 17 17 17 17 17 17 17 17 
tmp_3105-3132 2 8 18 17 17 17 17 17 17 17 17 17 17 17 17 17 17 17 17 17 17 17 17 17 17 17 17 
tmp_3132-3159 2 8 18 17 17 17 17 17 17 17 17 17 17 17 17 17 17 17 17 17 17 17 17 17 17 17 17 
tmp_3159-3186 2 8 18 17 17 17 17 17 17 17 17 17 17 17 17 17 17 17 17 17 17 17 17 17 17 17 17 
tmp_3186-3213 2 8 5 5 5 5 5 5 18 17 17 17 17 17 17 17 17 17 17 17 17 17 17 17 17 17 17 
tmp_3213-3240 2 8 18 17 17 17 17 17 17 17 17 17 17 17 17 17 17 17 17 17 17 17 17 17 17 17 17 
tmp_3240-3267 2 8 18 17 17 17 17 17 17 17 17 17 17 17 17 17 17 17 17 17 17 17 17 17 17 17 17 
tmp_3267-3294 2 8 18 17 17 17 17 17 17 17 17 17 17 17 17 17 17 17 17 17 17 17 17 17 17 17 17 
tmp_3294-3321 2 8 5 18 17 17 17 17 17 17 17 17 17 17 17 17 17 17 17 17 17 17 17 17 17 17 17 
tmp_3321-3348 2 8 5 5 18 17 17 17 17 17 17 17 17 17 17 17 17 17 17 17 17 17 17 17 17 17 17 
tmp_3348-3375 2 8 18 17 17 17 17 17 17 17 17 17 17 17 17 17 17 17 17 17 17 17 17 17 17 17 17 
tmp_3375-3402 2 8 18 17 17 17 17 17 17 17 17 17 17 17 17 17 17 17 17 17 17 17 17 17 17 17 17 
tmp_3402-3429 2 8 5 18 17 17 17 17 17 17 17 17 17 17 17 17 17 17 17 17 17 17 17 17 17 17 17 
tmp_3429-3456 2 8 5 5 5 18 17 17 17 17 17 17 17 17 17 17 17 17 17 17 17 17 17 17 17 17 17 
tmp_3456-3483 2 8 5 5 18 17 17 17 17 17 17 17 17 17 17 17 17 17 17 17 17 17 17 17 17 17 17 
tmp_3483-3510 2 8 5 5 5 5 5 5 5 5 5 5 5 18 17 17 17 17 17 17 17 17 17 17 17 17 17 
tmp_3510-3537 2 8 18 17 17 17 17 17 17 17 17 17 17 17 17 17 17 17 17 17 17 17 17 17 17 17 17 
tmp_3537-3564 2 8 18 17 17 17 17 17 17 17 17 17 17 17 17 17 17 17 17 17 17 17 17 17 17 17 17 
tmp_3564-3591 2 8 18 17 17 17 17 17 17 17 17 17 17 17 17 17 17 17 17 17 17 17 17 17 17 17 17 
tmp_3591-3618 2 8 18 17 17 17 17 17 17 17 17 17 17 17 17 17 17 17 17 17 17 17 17 17 17 17 17 
tmp_3618-3645 2 8 18 17 17 17 17 17 17 17 17 17 17 17 17 17 17 17 17 17 17 17 17 17 17 17 17 
tmp_3645-3672 2 8 5 5 5 5 5 5 5 5 5 5 5 5 5 5 18 17 17 17 17 17 17 17 17 17 17 
tmp_3672-3699 2 8 5 18 17 17 17 17 17 17 17 17 17 17 17 17 17 17 17 17 17 17 17 17 17 17 17 
tmp_3699-3726 2 8 5 5 5 5 18 17 17 17 17 17 17 17 17 17 17 17 17 17 17 17 17 17 17 17 17 
tmp_3726-3753 2 8 18 17 17 17 17 17 17 17 17 17 17 17 17 17 17 17 17 17 17 17 17 17 17 17 17 
tmp_3753-3780 2 8 18 17 17 17 17 17 17 17 17 17 17 17 17 17 17 17 17 17 17 17 17 17 17 17 17 
tmp_3780-3807 2 1 8 18 17 17 17 17 17 17 17 17 17 17 17 17 17 17 17 17 17 17 17 17 17 17 17 
tmp_3807-3834 2 8 18 17 17 17 17 17 17 17 17 17 17 17 17 17 17 17 17 17 17 17 17 17 17 17 17 
tmp_3834-3861 2 8 18 17 17 17 17 17 17 17 17 17 17 17 17 17 17 17 17 17 17 17 17 17 17 17 17 
tmp_3861-3888 2 1 1 1 1 8 5 5 5 5 5 5 5 5 5 5 5 5 5 5 5 5 5 5 5 18 17 
tmp_3888-3915 2 8 5 18 17 17 17 17 17 17 17 17 17 17 17 17 17 17 17 17 17 17 17 17 17 17 17 
tmp_3915-4077 2 8 5 5 5 5 18 728 727 727 727 730 729 732 731 731 731 731 731 731 731 731 731 731 731 731 731 731 731 731 731 731 731 731 731 731 731 731 731 2 1 1 8 5 5 5 5 5 5 5 5 5 5 18 17 17 17 17 17 17 17 17 17 17 17 17 17 17 17 17 17 17 17 17 17 17 17 17 17 17 17 17 230 229 232 231 231 234 476 478 480 2 1 1 8 5 5 5 5 5 5 5 5 5 5 5 5 5 5 5 5 5 5 5 5 5 5 5 5 5 5 5 5 5 5 5 5 5 5 5 5 5 5 5 5 5 5 5 5 5 5 5 5 5 5 5 5 5 5 5 5 18 17 17 17 17 17 17 17 17 17 17 
tmp_4077-4104 2 1 1 8 5 5 5 5 5 5 5 5 5 5 5 5 5 5 5 5 5 5 5 5 5 18 17 
tmp_4104-4131 2 8 5 5 5 5 5 5 5 5 5 5 18 17 17 17 17 17 17 17 17 17 17 17 17 17 17 
tmp_4131-4158 2 8 18 17 17 17 17 17 17 17 17 17 17 17 17 17 17 17 17 17 17 17 17 17 17 17 17 
tmp_4158-4185 2 8 18 17 17 17 17 17 17 17 17 17 17 17 17 17 17 17 17 17 17 17 17 17 17 17 17 
tmp_4185-4212 2 1 1 8 5 5 5 18 17 17 17 17 17 17 17 17 17 17 17 17 17 17 17 17 17 17 17 
tmp_4212-4239 2 8 18 17 17 17 17 17 17 17 17 17 17 17 17 17 17 17 17 17 17 17 17 17 17 17 17 
tmp_4239-4266 2 8 18 17 17 17 17 17 17 17 17 17 17 17 17 17 17 17 17 17 17 17 17 17 17 17 17 
tmp_4266-4293 2 8 5 5 5 5 5 5 5 5 5 5 5 5 5 5 5 18 17 17 17 17 17 17 17 17 17 
tmp_4293-4320 2 8 18 17 17 17 17 17 17 17 17 17 17 17 17 17 17 17 17 17 17 17 17 17 17 17 17 
tmp_4320-4347 2 8 18 17 17 17 17 17 17 17 17 17 17 17 17 17 17 17 17 17 17 17 17 17 17 17 17 
tmp_4347-4374 2 8 18 17 17 17 17 17 17 17 17 17 17 17 17 17 17 17 17 17 17 17 17 17 17 17 17 
tmp_4374-4401 2 8 5 18 17 17 17 17 17 17 17 17 17 17 17 17 17 17 17 17 17 17 17 17 17 17 17 
tmp_4401-4428 2 8 5 5 5 5 18 17 17 17 17 17 17 17 17 17 17 17 17 17 17 17 17 17 17 17 17 
tmp_4428-4455 2 8 18 17 17 17 17 17 17 17 17 17 17 17 17 17 17 17 17 17 17 17 17 17 17 17 17 
tmp_4455-4482 2 8 5 18 17 17 17 17 17 17 17 17 17 17 17 17 17 17 17 17 17 17 17 17 17 17 17 
tmp_4482-4509 2 8 18 17 17 17 17 17 17 17 17 17 17 17 17 17 17 17 17 17 17 17 17 17 17 17 17 
tmp_4509-4536 2 8 18 17 17 17 17 17 17 17 17 17 17 17 17 17 17 17 17 17 17 17 17 17 17 17 17 
tmp_4536-4563 2 8 5 5 5 18 17 17 17 17 17 17 17 17 17 17 17 17 17 17 17 17 17 17 17 17 17 
tmp_4563-4590 2 8 5 5 5 5 5 5 5 5 5 5 5 5 5 5 5 5 5 5 5 18 17 17 17 17 17 
tmp_4590-4617 2 1 1 1 8 18 17 17 17 17 17 17 17 17 17 17 17 17 17 17 17 17 17 17 17 17 17 
tmp_4617-4644 2 8 5 5 5 5 5 5 5 5 5 5 5 5 5 5 5 5 18 17 17 17 17 17 17 17 17 
tmp_4644-4806 2 8 18 17 17 17 17 17 17 17 17 17 17 17 662 661 661 661 661 661 661 661 661 661 664 663 666 716 715 718 717 720 719 719 719 719 719 719 719 719 719 719 719 719 719 719 2 8 18 17 17 17 17 17 728 727 727 727 727 730 729 732 731 731 731 731 731 731 731 590 589 589 589 589 589 589 589 589 592 591 591 591 591 591 591 591 594 593 593 593 593 593 593 593 593 593 593 593 593 593 476 475 475 475 478 477 477 477 477 477 480 2 8 5 5 5 5 5 5 5 5 5 5 5 5 18 17 17 17 17 17 17 17 17 17 17 17 17 17 17 17 17 17 17 17 17 17 17 17 17 17 17 17 17 17 17 17 17 17 17 17 17 
tmp_4806-4833 2 8 18 17 17 17 17 17 17 17 17 17 17 17 17 17 17 17 17 17 17 17 17 17 17 17 17 
tmp_4833-4860 2 8 18 17 17 17 17 17 17 17 17 17 17 17 17 17 17 17 17 17 17 17 17 17 17 17 17 
tmp_4860-4887 2 8 5 5 5 5 5 5 5 5 5 5 5 5 5 5 5 5 5 5 5 18 17 17 17 17 17 
tmp_4887-4914 2 8 5 5 5 5 5 5 5 5 5 5 5 5 18 17 17 17 17 17 17 17 17 17 17 17 17 
tmp_4914-4941 2 1 1 8 5 5 5 5 5 5 18 17 17 17 17 17 17 17 17 17 17 17 17 17 17 17 17 
tmp_4941-4968 2 8 18 17 17 17 17 17 17 17 17 17 17 17 17 17 17 17 17 17 17 17 17 17 17 17 17 
tmp_4968-4995 2 8 18 17 17 17 17 17 17 17 17 17 17 17 17 17 17 17 17 17 17 17 17 17 17 17 17 
tmp_4995-5022 2 8 5 18 17 17 17 17 17 17 17 17 17 17 17 17 17 17 17 17 17 17 17 17 17 17 17 
tmp_5022-5049 2 8 18 17 17 17 17 17 17 17 17 17 17 17 17 17 17 17 17 17 17 17 17 17 17 17 17 
tmp_5049-5076 2 8 18 17 17 17 17 17 17 17 17 17 17 17 17 17 17 17 17 17 17 17 17 17 17 17 17 
tmp_5076-5103 2 8 5 5 5 5 5 18 17 17 17 17 17 17 17 17 17 17 17 17 17 17 17 17 17 17 17 
tmp_5103-5130 2 8 18 17 17 17 17 17 17 17 17 17 17 17 17 17 17 17 17 17 17 17 17 17 17 17 17 
tmp_5130-5157 2 8 18 17 17 17 17 17 17 17 17 17 17 17 17 17 17 17 17 17 17 17 17 17 17 17 17 
tmp_5157-5184 2 8 18 17 17 17 17 17 17 17 17 17 17 17 17 17 17 17 17 17 17 17 17 17 17 17 17 
tmp_5184-5211 2 8 18 17 17 17 17 17 17 17 17 17 17 17 17 17 17 17 17 17 17 17 17 17 17 17 17 
tmp_5211-5238 2 8 18 17 17 17 17 17 17 17 17 17 17 17 17 17 17 17 17 17 17 17 17 17 17 17 17 
tmp_5238-5265 2 8 18 17 17 17 17 17 17 17 17 17 17 17 17 17 17 17 17 17 17 17 17 17 17 17 17 
tmp_5265-5292 2 8 5 5 5 5 5 5 5 5 5 5 5 5 5 5 5 5 5 5 5 5 5 5 5 5 18 
tmp_5292-5373 662 661 661 664 663 666 665 476 475 478 477 477 477 480 2 8 18 17 17 17 17 17 17 17 17 17 17 17 17 17 17 17 17 17 17 17 17 17 17 17 17 17 17 17 17 17 17 17 17 17 17 17 17 17 17 17 17 17 17 17 17 17 17 17 17 17 17 17 17 17 17 17 17 17 17 17 17 17 17 17 17 
tmp_5373-5400 2 8 18 17 17 17 17 17 17 17 17 17 17 17 17 17 17 17 17 17 17 17 17 17 17 17 17 
tmp_5400-5427 2 8 5 5 5 5 18 17 17 17 17 17 17 17 17 17 17 17 17 17 17 17 17 17 17 17 17 
tmp_5427-5616 2 8 5 18 17 17 17 17 17 17 17 17 17 17 17 17 17 17 17 17 17 17 902 901 901 901 901 904 903 906 476 475 475 475 475 475 475 475 475 478 477 477 477 477 480 479 479 479 479 662 661 661 661 661 661 661 661 661 661 661 661 661 661 661 661 661 661 661 661 661 661 661 664 663 666 716 715 718 720 719 719 719 719 719 719 719 719 719 719 719 719 719 719 719 719 719 719 719 719 719 719 719 719 719 719 719 719 719 719 719 719 719 719 719 719 719 719 719 719 719 719 719 719 719 719 719 719 2 8 18 17 17 17 17 17 17 17 17 17 17 17 17 17 17 17 17 17 17 17 17 17 17 17 17 17 17 17 17 17 17 17 17 17 17 17 17 17 17 17 17 17 17 17 17 17 17 17 17 17 17 17 17 17 17 17 17 17 17 17 
tmp_5616-5643 2 8 18 17 17 17 17 17 17 17 17 17 17 17 17 17 17 17 17 17 17 17 17 17 17 17 17 
tmp_5643-5670 2 8 18 17 17 17 17 17 17 17 17 17 17 17 17 17 17 17 17 17 17 17 17 17 17 17 17 
tmp_5670-5697 2 8 18 17 17 17 17 17 17 17 17 17 17 17 17 17 17 17 17 17 17 17 17 17 17 17 17 
tmp_5697-5724 2 8 5 5 18 17 17 17 17 17 17 17 17 17 17 17 17 17 17 17 17 17 17 17 17 17 17 
tmp_5724-5751 2 8 5 5 5 5 5 5 5 5 5 5 5 5 5 5 5 5 5 5 5 5 5 5 5 5 18 
tmp_5751-5778 2 8 5 5 18 17 17 17 17 17 17 17 17 17 17 17 17 17 17 17 17 17 17 17 17 17 17 
tmp_5778-5805 2 8 18 17 17 17 17 17 17 17 17 17 17 17 17 17 17 17 17 17 17 17 17 17 17 17 17 
tmp_5805-5832 2 8 5 18 17 17 17 17 17 17 17 17 17 17 17 17 17 17 17 17 17 17 17 17 17 17 17 
tmp_5832-5859 2 8 18 17 17 17 17 17 17 17 17 17 17 17 17 17 17 17 17 17 17 17 17 17 17 17 17 
tmp_5859-5886 2 8 18 17 17 17 17 17 17 17 17 17 17 17 17 17 17 17 17 17 17 17 17 17 17 17 17 
tmp_5886-5913 2 8 18 17 17 17 17 17 17 17 17 17 17 17 17 17 17 17 17 17 17 17 17 17 17 17 17 
tmp_5913-5940 2 8 18 17 17 17 17 17 17 17 17 17 17 17 17 17 17 17 17 17 17 17 17 17 17 17 17 
tmp_5940-5967 2 8 18 17 17 17 17 17 17 17 17 17 17 17 17 17 17 17 17 17 17 17 17 17 17 17 17 
tmp_5967-5994 2 8 18 17 17 17 17 17 17 17 17 17 17 17 17 17 17 17 17 17 17 17 17 17 17 17 17 
tmp_5994-6021 2 8 5 18 17 17 17 17 17 17 17 17 17 17 17 17 17 17 17 17 17 17 17 17 17 17 17 
tmp_6021-6048 2 8 18 17 17 17 17 17 17 17 17 17 17 17 17 17 17 17 17 17 17 17 17 17 17 17 17 
tmp_6048-6075 2 8 18 17 17 17 17 17 17 17 17 17 17 17 17 17 17 17 17 17 17 17 17 17 17 17 17 
tmp_6075-6102 2 8 18 17 17 17 17 17 17 17 17 17 17 17 17 17 17 17 17 17 17 17 17 17 17 17 17 
tmp_6102-6129 2 8 5 5 5 5 5 5 5 5 5 5 5 5 5 5 5 5 5 5 5 5 5 5 5 5 18 
tmp_6129-6156 2 8 5 5 5 5 5 5 5 5 5 5 5 5 5 5 5 5 5 5 5 5 5 5 5 5 18 
tmp_6156-6183 2 1 8 18 17 17 17 17 17 17 17 17 17 17 17 17 17 17 17 17 17 17 17 17 17 17 17 
tmp_6183-6210 2 8 18 17 17 17 17 17 17 17 17 17 17 17 17 17 17 17 17 17 17 17 17 17 17 17 17 
tmp_6210-6227 2 1 1 1 1 1 1 1 1 1 1 1 1 1 1 8 18 
